chrom	chromStart	chromEnd	name	length	cpgNum	gcNum	perCpg	perGc	obsExp
chr1	18598	19673	CpG: 116	1075	116	787	21.6	73.2	0.83
chr1	124987	125426	CpG: 30	439	30	295	13.7	67.2	0.64
chr1	317653	318092	CpG: 29	439	29	295	13.2	67.2	0.62
chr1	427014	428027	CpG: 84	1013	84	734	16.6	72.5	0.64
chr1	439136	440407	CpG: 99	1271	99	777	15.6	61.1	0.84
chr1	523082	523977	CpG: 94	895	94	570	21	63.7	1.04
chr1	534601	536512	CpG: 171	1911	171	1405	17.9	73.5	0.67
chr1	703847	704410	CpG: 60	563	60	385	21.3	68.4	0.92
chr1	752279	753308	CpG: 115	1029	115	673	22.4	65.4	1.07
